0 1700000000 0 1
1 1790533528 90533528 1
2 1790533530 2 1
3 1790533531 1 1
4 1790533533 2 1
5 1790533534 1 1
6 1790533535 1 1
7 1790533536 1 2
8 1790533538 2 3
9 1790533539 1 4
10 1790533541 2 6
11 1790533542 1 8
12 1790533550 8 11
13 1790533553 3 10
14 1790533554 1 12
15 1790533557 3 15
16 1790533563 6 17
17 1790533570 7 18
18 1790533582 12 18
19 1790533583 1 15
20 1790533589 6 18
21 1790533591 2 18
22 1790533607 16 20
23 1790533614 7 17
24 1790533619 5 17
25 1790533623 4 18
26 1790533630 7 19
27 1790533633 3 19
28 1790533639 6 20
29 1790533645 6 21
30 1790533665 20 21
31 1790533675 10 18
32 1790533676 1 18
33 1790533682 6 19
34 1790533693 11 20
35 1790533698 5 19
36 1790533712 14 20
37 1790533734 22 19
38 1790533738 4 17
39 1790533746 8 17
40 1790533750 4 18
41 1790533758 8 18
42 1790533760 2 18
