0 1700000000 0 1
1 1790533820 90533820 1
2 1790533821 1 1
3 1790533823 2 1
4 1790533824 1 1
5 1790533826 2 1
6 1790533827 1 1
7 1790533828 1 1
8 1790533830 2 1
9 1790533831 1 1
10 1790533832 1 1
11 1790533833 1 1
12 1790533835 2 1
13 1790533836 1 1
14 1790533838 2 1
15 1790533839 1 1
16 1790533840 1 1
17 1790533841 1 1
18 1790533843 2 1
19 1790533844 1 1
20 1790533845 1 1
21 1790533847 2 1
22 1790533848 1 1
23 1790533850 2 1
24 1790533851 1 1
25 1790533852 1 1
26 1790533853 1 1
27 1790533855 2 1
28 1790533856 1 1
29 1790533857 1 1
30 1790533859 2 1
31 1790533860 1 1
32 1790533861 1 1
33 1790533862 1 1
34 1790533863 1 1
35 1790533865 2 1
36 1790533866 1 1
37 1790533867 1 1
38 1790533869 2 1
39 1790533870 1 1
40 1790533871 1 1
41 1790533872 1 1
42 1790533874 2 1
43 1790533875 1 1
44 1790533876 1 1
45 1790533877 1 1
46 1790533879 2 1
47 1790533880 1 1
48 1790533881 1 1
49 1790533883 2 1
50 1790533884 1 1
51 1790533885 1 1
52 1790533886 1 1
53 1790533887 1 1
54 1790533888 1 1
55 1790533890 2 1
56 1790533891 1 1
57 1790533892 1 1
58 1790533893 1 1
59 1790533895 2 1
60 1790533896 1 1
61 1790533897 1 1
62 1790533899 2 1
63 1790533900 1 1
64 1790533901 1 1
65 1790533902 1 1
66 1790533904 2 1
67 1790533905 1 1
68 1790533906 1 1
69 1790533908 2 1
70 1790533909 1 1
71 1790533910 1 1
72 1790533912 2 1
73 1790533913 1 1
74 1790533914 1 1
75 1790533915 1 1
76 1790533916 1 1
77 1790533918 2 2
78 1790533919 1 2
79 1790533921 2 2
80 1790533922 1 2
81 1790533924 2 2
82 1790533927 3 2
83 1790533929 2 2
84 1790533931 2 2
85 1790533932 1 2
86 1790533933 1 2
87 1790533934 1 2
88 1790533936 2 2
89 1790533937 1 2
90 1790533938 1 2
91 1790533940 2 2
92 1790533943 3 2
93 1790533944 1 2
94 1790533945 1 2
95 1790533947 2 2
96 1790533949 2 2
97 1790533951 2 2
98 1790533953 2 2
99 1790533955 2 2
100 1790533956 1 2
101 1790533958 2 2
102 1790533960 2 2
103 1790533962 2 2
104 1790533963 1 2
105 1790533965 2 2
106 1790533966 1 2
107 1790533968 2 2
108 1790533970 2 2
109 1790533972 2 2
110 1790533974 2 2
111 1790533975 1 2
112 1790533976 1 2
113 1790533977 1 2
114 1790533980 3 2
115 1790533982 2 3
116 1790533984 2 3
117 1790533985 1 3
118 1790533988 3 3
119 1790533990 2 3
120 1790533992 2 3
121 1790533993 1 3
122 1790533996 3 3
123 1790533998 2 3
124 1790533999 1 3
125 1790534000 1 3
126 1790534003 3 3
127 1790534004 1 3
128 1790534005 1 3
129 1790534008 3 3
130 1790534009 1 3
131 1790534010 1 3
132 1790534015 5 3
133 1790534018 3 3
134 1790534019 1 4
135 1790534020 1 4
136 1790534023 3 4
137 1790534025 2 4
138 1790534026 1 4
139 1790534031 5 4
140 1790534032 1 4
141 1790534036 4 4
142 1790534038 2 4
143 1790534041 3 4
144 1790534043 2 4
145 1790534045 2 4
146 1790534047 2 4
147 1790534053 6 5
148 1790534054 1 5
149 1790534056 2 5
