0 1700000000 0 1
1 1790531567 90531567 1
2 1790531569 2 1
3 1790531571 2 1
4 1790531573 2 1
5 1790531574 1 1
6 1790531576 2 1
7 1790531578 2 1
8 1790531579 1 1
9 1790531581 2 1
10 1790531583 2 1
11 1790531584 1 1
12 1790531586 2 1
13 1790531588 2 1
14 1790531590 2 1
15 1790531591 1 1
16 1790531593 2 1
17 1790531594 1 1
18 1790531596 2 1
19 1790531598 2 1
20 1790531599 1 1
21 1790531601 2 1
22 1790531603 2 1
23 1790531604 1 1
24 1790531606 2 1
25 1790531607 1 1
26 1790531609 2 1
27 1790531610 1 1
28 1790531612 2 1
29 1790531613 1 1
30 1790531615 2 1
31 1790531616 1 1
32 1790531618 2 1
33 1790531619 1 1
34 1790531621 2 1
35 1790531622 1 1
36 1790531624 2 1
37 1790531626 2 1
38 1790531627 1 1
39 1790531629 2 1
40 1790531630 1 1
41 1790531632 2 1
42 1790531633 1 1
43 1790531635 2 1
44 1790531636 1 1
45 1790531638 2 1
46 1790531639 1 1
47 1790531641 2 1
48 1790531642 1 1
49 1790531644 2 1
50 1790531646 2 1
51 1790531647 1 1
52 1790531649 2 1
53 1790531650 1 1
54 1790531652 2 1
55 1790531654 2 1
56 1790531656 2 1
57 1790531657 1 1
58 1790531659 2 1
59 1790531660 1 1
60 1790531662 2 1
61 1790531663 1 1
62 1790531664 1 1
63 1790531666 2 1
64 1790531667 1 1
65 1790531669 2 1
66 1790531670 1 1
67 1790531672 2 1
68 1790531673 1 1
69 1790531675 2 1
70 1790531676 1 1
71 1790531677 1 1
72 1790531679 2 1
73 1790531681 2 1
74 1790531682 1 1
75 1790531683 1 1
76 1790531685 2 1
77 1790531687 2 2
78 1790531689 2 2
79 1790531690 1 2
80 1790531692 2 2
81 1790531694 2 2
82 1790531695 1 2
83 1790531697 2 2
84 1790531700 3 2
85 1790531703 3 2
86 1790531704 1 2
87 1790531706 2 2
88 1790531707 1 2
89 1790531708 1 2
90 1790531712 4 2
91 1790531714 2 2
92 1790531715 1 2
93 1790531718 3 2
94 1790531719 1 2
95 1790531721 2 2
96 1790531723 2 2
97 1790531724 1 2
98 1790531726 2 2
99 1790531727 1 2
100 1790531729 2 2
101 1790531730 1 2
102 1790531732 2 2
103 1790531733 1 2
104 1790531735 2 2
105 1790531736 1 2
106 1790531737 1 2
107 1790531741 4 2
108 1790531742 1 2
109 1790531744 2 2
110 1790531746 2 2
111 1790531748 2 2
112 1790531749 1 2
113 1790531751 2 2
114 1790531753 2 2
115 1790531754 1 3
116 1790531755 1 3
117 1790531760 5 3
118 1790531761 1 3
119 1790531763 2 3
120 1790531764 1 3
121 1790531766 2 3
122 1790531767 1 3
123 1790531771 4 3
124 1790531774 3 3
125 1790531775 1 3
126 1790531776 1 3
127 1790531778 2 3
128 1790531779 1 3
129 1790531782 3 3
130 1790531784 2 3
131 1790531785 1 3
132 1790531788 3 3
133 1790531790 2 3
134 1790531792 2 4
135 1790531794 2 4
136 1790531796 2 4
137 1790531798 2 4
138 1790531799 1 4
139 1790531801 2 4
140 1790531803 2 4
141 1790531805 2 4
